-0.017612	14.053064	2
-1.395634	4.662541	3
-0.752157	6.53862	3
-1.322371	7.152853	3
0.423363	11.054677	2
0.406704	7.067335	3
0.667394	12.741452	2
-2.46015	6.866805	3
0.569411	9.548755	0
-0.026632	10.427743	2
0.850433	6.920334	3
1.347183	13.1755	2
1.176813	3.16702	3
-1.781871	9.097953	2
-0.566606	5.749003	3
0.931635	1.589505	1
-0.024205	6.151823	3
-0.036453	2.690988	1
-0.196949	0.444165	1
1.014459	5.754399	3
1.985298	3.230619	3
-1.693453	-0.55754	1
-0.576525	11.778922	2
-0.346811	-1.67873	1
-2.124484	2.672471	1
1.217916	9.597015	0
-0.733928	9.098687	0
-3.642001	-1.618087	1
0.315985	3.523953	3
1.416614	9.619232	0
-0.386323	3.989286	3
0.556921	8.294984	0
1.224863	11.58736	2
-1.347803	-2.406051	1
1.196604	4.951851	3
0.275221	9.543647	0
0.470575	9.332488	0
-1.889567	9.542662	2
-1.527893	12.150579	2
-1.185247	11.309318	2
-0.445678	3.297303	3
1.042222	6.105155	3
-0.618787	10.320986	2
1.152083	0.548467	1
0.828534	2.676045	3
-1.237728	10.549033	2
-0.683565	-2.166125	1
0.229456	5.921938	3
-0.959885	11.555336	2
0.492911	10.993324	2
0.184992	8.721488	0
-0.355715	10.325976	2
-0.397822	8.058397	0
0.824839	13.730343	2
1.507278	5.027866	3
0.099671	6.835839	3
-0.344008	10.717485	2
1.785928	7.718645	0
-0.918801	11.560217	2
-0.364009	4.7473	3
-0.841722	4.119083	3
0.490426	1.960539	1
-0.007194	9.075792	0
0.356107	12.447863	2
0.342578	12.281162	2
-0.810823	-1.466018	1
2.530777	6.476801	3
1.296683	11.607559	2
0.475487	12.040035	2
-0.783277	11.009725	2
0.074798	11.02365	2
-1.337472	0.468339	1
-0.102781	13.763651	2
-0.147324	2.874846	3
0.518389	9.887035	0
1.015399	7.571882	0
-1.658086	-0.027255	1
1.319944	2.171228	1
2.056216	5.019981	3
-0.851633	4.375691	3
-1.510047	6.061992	3
-1.076637	-3.181888	1
1.821096	10.28399	0
3.01015	8.401766	0
-1.099458	1.688274	1
-0.834872	-1.733869	1
-0.846637	3.849075	3
1.400102	12.628781	2
1.752842	5.468166	3
0.078557	0.059736	1
0.089392	-0.7153	1
1.825662	12.693808	2
0.197445	9.744638	0
0.126117	0.922311	1
-0.679797	1.22053	1
0.677983	2.556666	1
0.761349	10.693862	0
-2.168791	0.143632	1
1.38861	9.341997	0
0.317029	14.739025	2
-2.658879652	0.658328066	1
-2.306158857	11.50367181	2
-2.830059636	7.308104282	3
-2.303190063	3.189589646	1
-2.313492505	4.417499051	3
-2.71157223	0.215992782	1
-2.999351113	14.57665385	2
-2.503292727	12.72740164	2
-2.141912102	9.759991363	2
-2.214096126	9.252341593	2
-2.050359926	1.873125942	1
-2.99747377	2.824040349	1
-2.390192336	1.887784878	1
-2.009811012	13.0015288	2
-2.061050146	7.26924117	3
-2.940288837	10.84180446	2
-2.568113966	1.312400935	1
-2.899424629	7.479325559	3
-2.833491518	0.292728284	1
-2.164670224	4.621842371	3
2.026042908	6.682003765	3
2.375588156	9.383837964	0
2.482992088	9.75753701	0
2.651080444	9.390595262	0
2.494226039	11.85613152	0
2.472159546	4.834316411	3
2.267315257	5.648916021	3
2.336280753	10.46032946	0
2.454806446	9.908798797	0
2.13147506	8.995613687	0
2.869257339	4.265319199	3
2.057159701	4.972404259	3
2.148397538	8.910324694	0
2.176304376	5.761223545	3
2.862054918	11.63034295	0
